0.737843,0
1.282085,0
1.591650,0
1.767730,0
1.867885,0
1.924853,0
1.957256,0
1.975688,0
2.010932,0
2.006218,0
2.003537,0
2.002012,0
2.586127,29
17.520416,312
39.843376,138
50.047649,6
35.885998,-199
20.573172,-149
-9.160830,-164
-8.036814,23
-5.703424,13
5.647405,96
0.356278,-44
-1.015546,-6
-1.289540,-3
-1.164691,0
-0.948668,2
-0.879049,1
-0.931203,0
-0.982098,0
-0.989817,0
-0.987692,0
-0.992999,0
-1.026418,-4
-1.015027,0
-1.008547,0
-1.004862,0
-1.002765,0
-1.001573,0
-1.000895,0
-1.000509,0
-1.000289,0
-1.000165,0
-1.000094,0
-1.000053,0
-1.000031,0
-1.000017,0
-1.000010,0
-1.000006,0
-1.000003,0
-1.000002,0
-1.000001,0
-1.000001,0
-1.000001,0
-1.000001,0
-1.000001,0
-0.972565,0
-0.984395,0
-0.991124,0
-0.994951,0
