-0.248000
-0.386000
-0.426000
-0.463000
-0.502000
-0.502000
-0.598000
-0.757000
-0.871000
-1.166000
-1.579000
-2.299000
-2.691000
-2.957000
-3.089000
-3.221000
-3.285000
-3.387000
-3.387000
-3.016000
-2.512000
1.044000
4.564000
7.204000
9.165000
10.430000
10.958000
10.915000
10.555000
9.875000
9.281000
8.781000
7.824000
6.744000
5.824000
4.904000
3.958000
3.034000
2.154000
1.318000
0.438000
-0.423000
-1.200000
-2.036000
-2.792000
-3.401000
-3.926000
-4.346000
-4.745000
-5.119000
-5.427000
-5.669000
-5.879000
-6.047000
-6.272000
-6.387000
-6.387000
-6.339000
-6.339000
-6.339000
-6.339000
-6.287000
-6.316000
-6.235000
-6.100000
-5.857000
-5.641000
-5.251000
-5.155000
-5.005000
-4.693000
-4.371000
-4.011000
-3.661000
-3.316000
-2.956000
-2.540000
-2.098000
-1.760000
-1.485000
-1.160000
-0.809000
-0.485000
-0.269000
0.039000
0.228000
0.424000
0.613000
0.748000
0.748000
0.800000
0.850000
0.850000
0.850000
0.850000
0.850000
0.850000
0.922000
0.853000
0.897000
0.919000
0.873000
0.850000
0.850000
0.850000
0.850000
0.919000
0.942000
0.942000
0.942000
0.918000
0.918000
0.970000
0.995000
0.995000
0.995000
0.970000
0.944000
0.919000
0.919000
0.847000
0.775000
0.703000
0.679000
0.631000
0.606000
0.581000
0.653000
0.745000
0.837000
0.837000
0.883000
0.971000
1.059000
1.174000
1.294000
1.478000
1.708000
1.924000
2.106000
2.226000
2.326000
2.456000
2.656000
2.806000
2.956001
3.131001
3.203001
3.303000
3.418000
