0.000000,0
0.000000,0
0.000000,0
0.000000,0
0.000000,0
0.000000,0
0.000000,0
0.000000,0
0.000000,0
0.000000,0
0.397691,18
11.536191,191
32.147579,162
36.477024,-12
22.099884,-132
9.114296,-78
-0.392634,-40
-1.532575,15
-0.055742,5
-0.380997,-6
-0.428185,4
-0.192525,-1
-0.036058,2
-0.020510,0
0.042847,0
0.050716,0
0.028847,0
0.016408,0
0.009333,0
0.005309,0
0.003020,0
0.001718,0
0.000977,0
0.000556,0
0.000316,0
0.000180,0
0.000102,0
0.000058,0
0.000033,0
0.000019,0
0.000011,0
0.000006,0
0.000003,0
0.000002,0
0.000001,0
0.000001,0
0.000000,0
0.000000,0
0.000000,0
0.000000,0
0.000000,0
0.000000,0
0.000000,0
0.000000,0
0.000000,0
0.000000,0
0.000000,0
0.000000,0
0.000000,0
0.000000,0
