0.000000
0.000000
0.000000
0.000000
0.000000
0.000000
0.000000
0.000000
0.000000
0.000000
0.000000
0.000000
0.000000
0.000000
0.000000
0.000000
0.000000
0.000000
0.000000
0.000000
0.000000
0.000000
0.000000
0.000000
0.000000
0.000000
0.000000
0.000000
0.000000
0.000000
0.000000
0.000000
0.000000
0.000000
0.000000
0.000000
0.000000
0.000000
0.000000
0.000000
0.000000
0.000000
0.000000
0.000000
0.000000
0.000000
0.000000
0.000000
0.000000
0.000000
0.000000
0.000000
0.000000
0.000000
0.000000
0.000000
0.000000
0.000000
0.000000
0.000000
0.000000
0.000000
0.000000
0.000000
0.000000
-0.013300
-0.065835
-0.208843
-0.371301
-0.658636
-0.907454
-1.402582
-1.951453
-2.732830
-3.633789
-4.977049
-6.787647
-9.061465
-11.622242
-14.182630
-16.513098
-18.868093
-20.987638
-22.541256
-23.671843
-24.135950
-23.309402
-21.846333
-20.438816
-18.252474
-15.311050
-11.565498
-7.978823
-4.278282
-0.443568
3.412210
7.364000
10.805401
14.140981
17.242081
20.136576
22.721748
25.279661
27.861427
30.190355
32.903835
35.256245
37.780533
40.710007
43.060509
45.509834
47.864346
50.130329
52.438313
54.965401
56.906181
58.872925
60.076778
61.612640
63.318611
65.236183
66.713425
67.235008
66.749657
65.719673
64.235695
62.637112
60.645256
58.053795
55.059906
52.044113
48.957508
45.438835
41.438091
37.327785
33.443398
29.583626
25.797245
21.430782
17.702044
13.560142
9.894384
6.705715
4.004129
1.859923
0.571427
-0.485544
-1.131267
-1.360304
-1.113089
-0.557234
0.219977
1.185979
2.324680
3.739196
5.278336
6.837419
8.366999
9.950249
11.515137
12.938480
14.240657
15.486625
16.642143
17.689886
18.522192
18.938332
19.527464
20.041891
20.572748
21.060911
21.474667
21.835434
21.906464
21.888790
21.957151
22.196896
22.779951
23.340153
23.781145
24.026588
24.352859
24.535868
24.812674
25.086441
25.494118
26.098362
26.459343
26.719975
26.913176
26.934967
26.889519
26.828642
26.518808
26.300467
26.108244
25.936432
25.758011
25.716761
25.643723
25.492037
25.081934
24.953836
24.615194
23.602135
22.576677
21.604042
20.737041
19.938690
18.873405
17.780636
16.758654
15.721622
14.738340
13.816923
12.880177
12.064718
11.176982
10.327333
9.587967
8.950169
8.310410
7.914490
7.604866
7.275923
6.971977
6.671828
6.383837
6.095045
5.855493
5.626968
5.395619
5.175838
4.967047
4.768694
4.580260
4.386047
4.216744
4.055907
3.903112
3.757956
3.620059
3.439056
3.282303
3.134338
2.993771
2.858332
2.731566
2.594987
2.465238
2.341976
2.224877
2.113633
2.007952
1.907554
1.812176
1.721568
1.635489
1.553715
1.476029
1.402228
1.332116
1.265510
1.202235
1.142123
1.085017
1.030766
0.979228
0.930266
0.883753
0.839565
0.797587
0.757708
0.719822
0.683831
0.649640
0.617158
0.586300
0.556985
0.529136
0.502679
0.477545
0.453668
0.430984
0.409435
0.388963
0.369515
0.351039
0.333487
0.316813
0.300972
0.285924
0.271628
0.258046
0.245144
0.232887
0.221242
0.210180
0.199671
0.189688
0.180203
0.171193
0.162633
0.154502
0.146777
0.139438
0.132466
0.125843
0.119551
0.113573
0.107894
0.102500
0.097375
0.092506
0.087881
0.083487
0.079312
0.075347
0.071579
0.068000
0.064600
0.061370
0.058302
0.055387
0.052617
0.049987
0.047487
0.045113
0.042857
0.040714
0.038679
0.036745
0.034907
0.033162
0.031504
0.029929
0.028432
0.027011
0.025660
0.024377
0.023158
0.022000
0.020900
0.019855
0.018863
0.017919
0.017023
0.016172
0.015364
0.014596
0.013866
0.013172
0.012514
0.011888
0.011294
0.010729
0.010193
0.009683
0.009199
0.008739
0.008302
0.007887
0.007492
0.007118
0.006762
0.006424
0.006103
0.005798
0.005508
0.005232
0.004971
0.004722
0.004486
0.004262
0.004049
0.003846
0.003654
0.003471
0.003298
0.003133
0.002976
0.002827
0.002686
0.002552
0.002424
0.002303
0.002188
0.002078
0.001974
0.001876
0.001782
0.001693
0.001608
0.001528
0.001451
0.001379
0.001310
0.001244
0.001182
0.001123
0.001067
0.001014
0.000963
0.000915
0.000869
0.000826
0.000784
0.000745
0.000708
0.000672
0.000639
0.000607
0.000577
0.000548
0.000520
0.000494
0.000470
0.000446
0.000424
0.000403
0.000382
0.000363
0.000345
0.000328
0.000312
0.000296
0.000281
0.000267
0.000254
0.000241
0.000229
0.000218
0.000207
0.000196
0.000187
0.000177
0.000168
0.000160
0.000152
0.000144
0.000137
0.000130
0.000124
0.000118
0.000112
0.000106
0.000101
0.000096
0.000091
0.000086
0.000082
0.000078
0.000074
0.000070
0.000067
0.000064
0.000060
0.000057
0.000054
0.000052
0.000049
0.000047
0.000044
0.000042
0.000040
0.000038
0.000036
0.000034
0.000033
0.000031
0.000029
0.000028
0.000027
0.000025
0.000024
0.000023
0.000022
0.000021
0.000020
0.000019
0.000018
0.000017
0.000016
0.000015
0.000014
0.000014
0.000013
0.000012
0.000012
0.000011
0.000011
0.000010
0.000010
0.000009
0.000009
0.000008
0.000008
0.000007
0.000007
0.000007
