18.160000
17.580000
17.549999
17.549999
17.549999
17.549999
17.549999
18.009998
19.879999
22.759998
24.319998
24.869997
25.359997
25.849997
25.879997
25.879997
26.339996
26.829996
26.399996
26.369995
25.909996
25.879995
24.959995
24.439995
23.489994
22.509995
21.069994
20.059994
18.619993
17.609993
16.629993
15.649994
15.129993
15.099994
14.179994
13.659994
13.629994
13.629994
13.169994
13.139995
13.139995
13.139995
13.599995
14.089994
14.119994
14.119994
13.659994
13.629994
14.089994
14.579994
14.609994
15.069994
15.099994
16.019993
16.079992
16.079992
16.079992
16.539991
16.569992
16.569992
16.109993
16.079992
16.079992
16.079992
16.539991
16.569992
16.569992
16.569992
16.569992
16.569992
16.569992
16.569992
16.569992
16.109993
16.079992
16.079992
15.619992
15.589993
15.589993
15.129992
15.099993
15.099993
14.639993
14.609993
14.609993
14.609993
15.069993
15.099993
15.099993
15.559993
15.589993
16.049992
16.079992
16.079992
16.079992
15.619992
15.589993
15.589993
16.049992
16.539991
16.569992
16.569992
16.109993
16.539993
16.569994
16.569994
16.109995
15.619995
15.589995
15.129995
15.559996
15.589995
15.589995
15.129995
14.639996
14.609996
14.609996
14.149996
14.119996
13.659996
13.629996
13.629996
13.169996
13.139997
13.599997
13.629996
14.089996
14.119996
14.119996
14.579996
14.609996
14.609996
14.609996
15.069996
14.639996
15.069996
16.019997
16.079996
16.539995
17.029995
17.059996
17.519995
17.549995
18.009995
18.039995
17.579996
17.549995
17.549995
17.089996
17.059996
