1.848753
3.533920
4.411799
4.665431
4.809697
4.891756
4.938431
4.964979
4.980080
5.272850
39.117077
58.548279
63.804253
60.558949
48.555332
34.346260
16.259808
4.629633
1.897228
8.986469
17.027271
9.031761
-2.738845
-2.783077
0.048451
2.396693
4.261178
5.652780
6.203764
6.120777
5.518820
4.924880
4.480959
4.176070
4.070211
4.039937
4.022717
4.012922
4.007350
4.004181
4.002378
4.001353
4.000770
4.000438
4.000249
4.000142
4.000081
4.000046
4.000026
4.000015
4.000009
4.000005
4.000005
4.000005
4.000005
4.000005
4.000005
4.000005
4.000005
4.000005
