0.671413
1.244300
1.570158
1.755506
1.860932
1.920898
1.955007
1.974408
1.998818
2.047054
4.980651
53.682831
72.985924
80.212227
76.898911
70.114075
58.998802
43.785217
27.783539
11.730544
-0.557139
-1.632470
5.561794
14.375867
11.910244
4.831351
-3.813256
1.224171
6.265050
5.680770
7.506032
4.569654
2.514935
1.076310
-0.682590
-1.863067
-2.345983
-2.037598
-1.259927
-0.532069
-0.235177
-0.133769
-0.076088
-0.043279
-0.024617
-0.014002
-0.007964
-0.004530
-0.002577
-0.001466
-0.000834
-0.000474
-0.000270
-0.000153
-0.000087
-0.000050
-0.000028
-0.000016
-0.000009
-0.000005
